train_subjects
25
63
48
93
127
7
76
0
56
21
1
87
117
141
36
122
11
112
35
43
68
73
47
135
95
59
128
24
140
70
75
71
115
72
33
64
62
41
98
28
32
5
12
104
81
118
40
49
143
110
91
82
42
79
83
107
37
53
46
96
90
77
60
50
29
88
124
66
139
14
51
78
134
18
89
6
86
13
17
10
101
103
58
45
133
39
120
105
136
54
113
129
106
126
142
74
102
99
22
19
val_subjects
114
69
109
130
31
55
119
80
44
111
138
94
108
2
61
131
16
100
52
15
38
test_subjects
3
4
8
9
20
23
26
27
30
34
57
65
67
84
85
92
97
116
121
123
125
132
137
